t0 = 0; T = 1; courant number = 1;
cx0 = 0; cy0 = 0; cvx = 1; cvy = 0; beta = 5;

Regular Grid Nx = Ny = 50
L1:		0.984017858170375   2.183737613880195   1.887852907618177   3.754398666624865
L2:		0.368857299893101   0.695439514245049   0.584007919265818   1.467256019693257

Regular Grid Nx = Ny = 100
L1:		0.650874748136294   1.388506040690622   1.157504979997498   2.523577897512763
L2:		0.251900125654366   0.455933858781171   0.371566820483127   1.027626798639098

Regular Grid Nx = Ny = 200
L1:		0.388650000283088   0.808622265219522   0.656728744461000   1.525051352487095
L2:		0.151337822485633   0.271309217428618   0.217499189819611   0.631381833812949

Regular Grid Nx = Ny = 400
L1:		0.209436281518339   0.433381853101689   0.339645615314774   0.831595670546176
L2:		0.081281248365861   0.148038527672814   0.115182155923555   0.346099792671233

Regular Grid Nx = Ny = 800
L1:		0.111151547135176   0.227717700898989   0.177805107827790   0.442717794309822
L2:		0.042977755162440   0.078736435390577   0.061172722905675   0.184949430052994

Voronoi N = 2500
L1:     1.007087828492856   2.253533847380045   1.952700098889531   3.854664742104756
L2:     0.375647604850931   0.715240201606498   0.604441258832479   1.495608944253005

Voronoi N = 10000
L1:     0.673233168541773   1.444308832343380   1.201512187334393   2.614424312487721
L2:     0.260658663454848   0.474007098874287   0.385163893041886   1.062876934315592
